include("StructureDensityMatrix.jl")
include("moduleLinearInversionQutrit.jl")
include("moduleMaximumLikelihoodEstimationQutrit.jl")
include("moduleSeeqstQutrit.jl")

using .SeeqstHybridQutrit
using .LineareInversionQutrit
using .QuantumMLEQutrit
using LinearAlgebra
using QuantumInformation
using Printf
using Plots

# ── Parameter ─────────────────────────────────────────────────
# ── Parameter ─────────────────────────────────────────────────
N             = 3
dim           = 3^N
nMeasurements = 50000

# ── Wahre Dichtematrix ─────────────────────────────────────────
RhoTrue = GenerateRandomDensityMatrixNoZerosQutrits(N)
#RhoTrue=ComplexF64[0.04939273059762057 + 0.0im -0.004902757571045109 - 0.0027943907410244682im 0.010116401904949683 + 0.001918661697726946im 0.0025636011270638013 - 0.001486435217215564im 0.007654760705945031 + 0.002470256994091714im 0.008128584999430278 - 0.008065437891267254im -0.006829482933671289 - 0.011077907037670587im -0.0017165409782364143 + 0.002410835682383249im -0.008818232298855562 + 0.0006963391918447468im 0.0002198442653180415 + 0.008968928013963616im 0.003943316688524122 + 0.002868077343199124im 0.0019989094608113852 + 0.0021884730018190777im -2.6245949440930803e-5 - 0.0028556606519065057im -0.015582336773553562 - 0.005655359808925057im 0.004129377875113947 - 0.0031680223420535803im 0.003948451798588186 + 0.004196290017912707im 0.0026968275866637212 - 0.004318465366908955im -0.0006825715935462884 + 0.010080697551131765im -0.0045619657009686315 - 0.0028621848039451546im -0.007505710314307306 + 0.0010205748759863774im 0.00223020676722269 - 0.001216951866213281im -0.0017212415900122204 - 0.004568313875432424im -0.0020763938363733145 - 0.005470739430330645im 0.004934971413355128 + 0.004698612095830158im -0.0006700561497525343 - 0.00752114763406497im 0.0002305878445864653 - 0.0007898018246879192im 0.0021282274993819667 + 0.004568581723835171im; -0.004902757571045109 + 0.0027943907410244682im 0.02693391357679612 + 0.0im -0.004298107837160104 + 0.0003050823017107482im -0.0013979379029810607 - 0.0008548726114541331im -0.0030955424989677375 + 0.0010802611572656988im -0.008329072249829433 + 0.0008385769662498358im 0.00535413762924458 - 0.0006510829927002273im -0.0021317890332941745 - 0.001880325166740903im -0.003955505311838386 - 0.004831689506418232im -0.0030536428513034137 + 0.001929696322761895im -0.004089149763312583 - 0.007191042033068382im 0.0036454907152886308 + 0.003718993790343646im -0.0008936441745321716 - 0.0014318806073824082im 0.0039870666076544685 + 0.000288854962171179im -9.286109268981878e-5 - 0.0049655847358360304im -0.002157939760439901 + 0.0014047582299295468im -0.0020590861697814245 - 0.0019332989819642404im 0.00289338836778328 - 0.0037484163847443354im -0.004107726632306522 - 0.005239740168272581im 0.0011877403306700103 + 0.0046983606981987665im 0.00031583590232491936 + 0.004211372943205935im 0.0031544417262763954 - 0.00491369003098923im 4.117916065103588e-5 + 0.0007968727413874415im -0.0028878672951053873 - 0.005328088550086657im -0.004311322109117511 - 0.0033181020716067065im -0.0007530637599683478 - 0.0016444432801905478im -0.006379258160560368 + 0.0022327656605695867im; 0.010116401904949683 - 0.001918661697726946im -0.004298107837160104 - 0.0003050823017107482im 0.03731036211318352 + 0.0im -0.004837090326399622 + 0.0022753557414853225im 0.006106106313255323 - 0.006560372734381322im 0.0023406868780775575 - 0.0013479202467524302im -0.007879564009704128 - 0.002682390669454221im 0.0003427119276773773 + 0.0033134265964698106im -0.007895274113566648 + 0.0027172334518294336im -0.0009431078248357298 + 0.0011521498273978999im 0.002304461658950428 + 0.010482460812222176im 0.009775529094035935 - 0.006439001507414185im 0.0007426925963598007 + 0.006177674254786844im -0.007650585175752146 + 0.0023487533562707025im 0.006127511761995248 - 0.00958916604794414im -0.004793352720066853 + 0.003034545209704581im 0.0033462511098886908 - 0.01082481434384055im -0.005120584919600558 + 0.002029511154694426im -0.0023513540726019895 + 0.0007527633128658528im 0.005358889799650945 + 0.01104525775521478im 0.005110406568157761 + 0.004534651870992249im -0.00850131515521895 - 0.0006030731100941551im 1.5712133772162043e-5 - 0.0027415373581992355im 0.012269944637816915 + 0.010132190319196321im -0.0016667512726584305 - 0.0017605601056322692im 0.00041006280516890425 - 0.0001294461278580742im -0.0003294590385922048 - 0.0021604147102891823im; 0.0025636011270638013 + 0.001486435217215564im -0.0013979379029810607 + 0.0008548726114541331im -0.004837090326399622 - 0.0022753557414853225im 0.027529672668529487 + 0.0im 0.002593750098483382 + 0.001008236085052395im 0.0005655718503722942 + 0.0062878465735482034im 0.0015678145023408964 + 0.0036722040511510587im 0.004314199397174317 + 0.0015840405403565122im 0.0013856591898400493 - 0.001561091241763448im 0.002399021712041898 + 0.010377175209705344im 0.004443300393996977 - 0.010543667258674883im -0.001148177399742881 + 0.0031953282350445037im 0.0071876477380375175 - 0.007568230140676703im 0.0040177386347841765 + 0.00683820977583547im 0.00011999415882724021 + 0.005265864551483471im -0.005968037983302293 - 0.002725411383635862im -0.0007166677945988507 + 0.0016525516505305994im -0.003048386630945852 - 0.00410192160670293im 0.0013792602974451512 + 0.002828356843426793im -0.00788733980780057 - 0.004698743972029084im 0.0020610670449721412 + 0.00547300723394453im 0.006048137314695332 + 0.00337770594933137im 0.004197166746588059 - 0.0015401832218021392im 0.0056805269394311 + 0.007345631920799044im -0.00033011815566883493 - 0.009677007315346148im 0.0014695510103085114 - 0.0002017373975045438im -0.005462793806921004 + 0.006804596892619149im; 0.007654760705945031 - 0.002470256994091714im -0.0030955424989677375 - 0.0010802611572656988im 0.006106106313255323 + 0.006560372734381322im 0.002593750098483382 - 0.001008236085052395im 0.024164175119629764 + 0.0im -0.0022238147447807017 + 0.0028595883162963864im -0.004402655581654353 - 0.0034595123635107455im 0.00516126735233126 + 0.0030063535265506193im -0.0026337781733578353 + 0.0023629520808391134im 0.0023924725997787584 + 0.004648092281177181im 0.006871291276867852 + 0.003348717771983229im 0.0031906391735701386 - 0.0024627456848314807im -0.00463714480366239 + 0.0031652576311662233im -0.0037061729955643555 + 0.005923135754308341im 0.0013979875537685614 + 4.464576730827964e-5im 0.005257710051172436 + 0.003775838604909184im -0.002786941141221237 - 0.0016312951749041951im -0.0033721821890641173 + 0.0025239094119923955im 0.002393580978209907 - 0.0051000402662636155im -0.0060651525388679935 - 0.0007364201240372787im -0.0022998025184619644 + 0.00822123389866661im 0.0027773287692125404 - 0.001414757038989251im 0.002374360450673744 - 0.008159400400602474im 0.008217174726322187 + 0.0038866530031614567im 0.001194330578642514 - 0.007044312564528812im 0.00465314747507028 + 0.0055126341273130375im -0.0013510957266854497 + 0.007330583509084327im; 0.008128584999430278 + 0.008065437891267254im -0.008329072249829433 - 0.0008385769662498358im 0.0023406868780775575 + 0.0013479202467524302im 0.0005655718503722942 - 0.0062878465735482034im -0.0022238147447807017 - 0.0028595883162963864im 0.035080515596828454 + 0.0im -0.005274249442506545 - 0.00011847405820098375im -0.0030349445132383966 - 0.0036985274558258546im 0.006377551086647661 - 0.0013052701631695376im 0.005830308148653631 - 0.00445459601989971im 0.00187487119257856 - 0.005571073525609377im 0.0023813016719695605 - 0.005776719631372177im 0.00022691277503501293 - 0.0019332725201678298im -0.00018936454498318396 - 0.005533774006824271im 0.0033657193526568188 + 0.0028491550516701438im 0.001124202957100834 + 0.0019315184493197404im 0.0027436801778597947 - 0.003822964918566993im 0.001501156144413676 + 0.008624385644808854im 0.00028372233268151524 - 5.528988691586463e-5im -0.002709195555682486 - 0.004300314103534881im 0.005192907620655395 - 0.006620550468925591im -0.001158113422151935 - 5.025705738789496e-5im -0.004136908354053313 - 0.0007724756233011175im 0.007498772953398464 + 0.001309641455300137im 0.004884279976835308 - 1.8640857352983298e-6im 0.0008144135314101378 - 0.0012911689119203063im -0.003841532303504748 + 0.002605737430075434im; -0.006829482933671289 + 0.011077907037670587im 0.00535413762924458 + 0.0006510829927002273im -0.007879564009704128 + 0.002682390669454221im 0.0015678145023408964 - 0.0036722040511510587im -0.004402655581654353 + 0.0034595123635107455im -0.005274249442506545 + 0.00011847405820098375im 0.03279953829728814 + 0.0im -0.004473748321586405 - 0.005895143247105356im -0.005520378158965512 - 0.002592203933839519im -0.004058719450584631 + 0.004445155743824008im -0.0037103321560249774 - 0.008362035438913291im -0.003853278803823646 + 0.008634894471753382im -0.001604209422119738 - 0.0037362405045521722im -0.0012857348982275823 - 0.007050478185850472im 6.306422675951201e-5 + 0.004508458520518136im -0.00018317750304947862 + 0.0009243278602220948im 0.001041828992692986 + 0.00814425517203839im -0.0024118636246658024 - 0.00013752012543038862im -0.006347668664555016 - 0.006426484213123508im -0.005866332014043971 - 0.0026960274513826788im -0.0019493525131291406 + 0.0014568744457522777im 0.0028664590732594285 - 0.002727141902340328im 0.0005809049640632672 - 0.0011543250259664001im -0.01008287329947371 + 0.0023975249407032326im -0.008542456226674404 - 0.002629167714501226im -0.001523196352157915 - 0.0007623454261867048im 0.005903869837217827 + 0.005066552228347456im; -0.0017165409782364143 - 0.002410835682383249im -0.0021317890332941745 + 0.001880325166740903im 0.0003427119276773773 - 0.0033134265964698106im 0.004314199397174317 - 0.0015840405403565122im 0.00516126735233126 - 0.0030063535265506193im -0.0030349445132383966 + 0.0036985274558258546im -0.004473748321586405 + 0.005895143247105356im 0.03718441735626724 + 0.0im 0.003336721597409742 + 0.009747483243852413im 0.009925820670520363 + 0.0010338340449714417im 0.012503891232450997 - 0.0011147437087211593im -0.008426564939546159 - 0.00011606696547830132im 0.0010250308534258794 + 0.004149296192103945im -0.004918264419288336 + 0.0054267387099820015im 0.0036429918535633575 + 0.009573420158416395im -0.004020571656854264 + 0.0021344685523294895im 0.0026960597218757543 - 0.0012184431586889182im -0.0032300015166802053 - 0.004266666513593041im 0.0077830897980749195 - 0.004491216743595372im -0.006451223583035287 - 0.0001308998291376248im -0.0012373940626839097 + 0.009300176597607169im -0.0028845315610937436 + 9.028494244728706e-5im -0.00968092198830358 - 0.005840044369883048im 0.0002836992872126851 + 0.008142747968287456im -0.005289242428174599 - 0.0025454947839550148im 0.0053072420316707825 + 0.007467717598791555im 0.0014344072413530425 - 0.0042437474132022875im; -0.008818232298855562 - 0.0006963391918447468im -0.003955505311838386 + 0.004831689506418232im -0.007895274113566648 - 0.0027172334518294336im 0.0013856591898400493 + 0.001561091241763448im -0.0026337781733578353 - 0.0023629520808391134im 0.006377551086647661 + 0.0013052701631695376im -0.005520378158965512 + 0.002592203933839519im 0.003336721597409742 - 0.009747483243852413im 0.03833959347003532 + 0.0im 0.008455984744748653 - 0.0006286823555872942im 0.003285934887690625 - 0.0034906796901499186im -0.007631482088188409 - 0.00104777221766452im 0.006158845698001436 + 0.004746449833490825im 0.006326350755886921 + 0.008568666420998561im 0.004124880168714495 + 0.000451328389100465im -0.0056605017095681 - 0.006584050914714115im 0.0015337612732924434 - 0.00191516874252796im -0.0014175670779855009 - 0.004287429262741503im 0.0027815736606895216 - 0.002570677763494326im -0.003071713567865768 - 0.008681658114344478im -0.003897733741319701 - 0.0018177919481159256im 0.009435098728250865 + 0.0014830422954385362im 0.003044757589546095 + 0.007965961166635243im -0.0008134944656430448 - 0.001982924539406596im -0.0011140764952809752 + 0.013074158065597691im 0.0042739744039891284 - 0.004150268188822495im -0.005765801710074823 - 0.005233148342698988im; 0.0002198442653180415 - 0.008968928013963616im -0.0030536428513034137 - 0.001929696322761895im -0.0009431078248357298 - 0.0011521498273978999im 0.002399021712041898 - 0.010377175209705344im 0.0023924725997787584 - 0.004648092281177181im 0.005830308148653631 + 0.00445459601989971im -0.004058719450584631 - 0.004445155743824008im 0.009925820670520363 - 0.0010338340449714417im 0.008455984744748653 + 0.0006286823555872942im 0.05047583088459928 + 0.0im 0.0006746412767108007 - 0.001453740362599781im 0.0005035334596016417 + 0.004711423940309855im 8.974854567946061e-5 + 0.0037086315155605352im 0.004275329317632051 + 0.01096638510448584im 0.006299618136696969 + 0.006408337670754478im 0.0046714006113167915 + 0.0010083789505434312im 0.005262520251768952 + 0.003000356419451417im -0.007905562477534255 + 0.0015292162531914467im -0.003306015395055842 + 0.0016929054782644352im 0.007305828170566204 + 0.012772616004460322im 0.004552671173208417 - 0.011441757181636404im -0.002970021200550536 - 0.008759180552610721im 0.00024255990686160487 - 0.0005543658992165351im 0.0086944172534128 - 0.005912623188230253im -0.006120315743870475 + 0.00564442102625492im -0.0028772062215969623 + 0.00028488417963248093im 0.005119268920770083 - 8.070813001775057e-5im; 0.003943316688524122 - 0.002868077343199124im -0.004089149763312583 + 0.007191042033068382im 0.002304461658950428 - 0.010482460812222176im 0.004443300393996977 + 0.010543667258674883im 0.006871291276867852 - 0.003348717771983229im 0.00187487119257856 + 0.005571073525609377im -0.0037103321560249774 + 0.008362035438913291im 0.012503891232450997 + 0.0011147437087211593im 0.003285934887690625 + 0.0034906796901499186im 0.0006746412767108007 + 0.001453740362599781im 0.0549609322125957 + 0.0im -0.0032998118325099704 - 0.00660964146982108im 0.0040310519020161474 + 0.005657608611461084im -0.0025453835935560715 + 0.003420748198920983im -0.00393078522683366 + 0.0018788432333037377im 0.0016990086473834582 + 0.0016342969579065854im -0.003596913613784091 + 0.0029487485929535814im -0.001240118075926177 + 0.007380517914169365im 0.000987486093420353 - 0.0034666152552227576im 0.004396957781234141 - 0.009956245959767194im -0.004712441014267974 + 0.010960477137756693im 0.006568165768212317 + 0.004469425836819848im -0.007263006321984886 + 0.0032690310670805455im 0.009592114872509125 + 0.0030033871614831326im 0.016457604715860837 - 0.006851077194155149im 0.002974470928226992 + 0.01183047900025597im 0.0021576463702545593 + 0.0015627504509719862im; 0.0019989094608113852 - 0.0021884730018190777im 0.0036454907152886308 - 0.003718993790343646im 0.009775529094035935 + 0.006439001507414185im -0.001148177399742881 - 0.0031953282350445037im 0.0031906391735701386 + 0.0024627456848314807im 0.0023813016719695605 + 0.005776719631372177im -0.003853278803823646 - 0.008634894471753382im -0.008426564939546159 + 0.00011606696547830132im -0.007631482088188409 + 0.00104777221766452im 0.0005035334596016417 - 0.004711423940309855im -0.0032998118325099704 + 0.00660964146982108im 0.03701766543891604 + 0.0im -0.006441231914321199 + 0.005024960591541386im 0.004087928076603621 + 0.0018313990883050048im 0.011243076587789029 - 0.00923247671666493im -0.0012967047439598818 + 0.0014834968647155313im -0.002237655814801454 - 0.001396668506483619im -0.00011661478823194963 + 0.0012106841424997258im 0.006354001250069329 + 0.0018186629141699387im 0.013944777835660048 + 0.009158123961790063im -8.416747886576579e-5 - 0.00010145972370367386im -0.0019177904857621054 + 0.0007359927436573271im 0.004825598278421708 + 0.001508942964535073im 0.001653390473929596 + 0.001679797486320809im -0.0008709959649030175 + 0.0023340781456101865im -0.009020636933376054 - 0.0009402378705884884im 0.0015211407658505232 + 0.0003451728422842306im; -2.6245949440930803e-5 + 0.0028556606519065057im -0.0008936441745321716 + 0.0014318806073824082im 0.0007426925963598007 - 0.006177674254786844im 0.0071876477380375175 + 0.007568230140676703im -0.00463714480366239 - 0.0031652576311662233im 0.00022691277503501293 + 0.0019332725201678298im -0.001604209422119738 + 0.0037362405045521722im 0.0010250308534258794 - 0.004149296192103945im 0.006158845698001436 - 0.004746449833490825im 8.974854567946061e-5 - 0.0037086315155605352im 0.0040310519020161474 - 0.005657608611461084im -0.006441231914321199 - 0.005024960591541386im 0.026075000141118538 + 0.0im -3.898165244615598e-5 - 0.003277637664636834im -0.0014658087637593378 - 0.0007148020135261163im -0.00396003937679053 - 0.004658554442680124im 0.004034124371074486 - 0.0016737541397855828im -0.005186814251409799 - 0.004510829557766848im -0.003989885622461034 + 0.0013948038165695494im 0.0002696934870644479 - 0.011063401323385976im -0.00040384353530392795 + 0.007639237453891304im -0.0016204384557275849 - 0.0013616737331683454im 0.0004631923740815204 + 0.005621404582603709im 0.005635663381859696 + 0.0037853975611052888im 0.00551850989507484 + 0.004405831540208815im 0.003609537581761895 + 0.0008648200321098327im 0.0021133601087879633 - 0.0030546805959856312im; -0.015582336773553562 + 0.005655359808925057im 0.0039870666076544685 - 0.000288854962171179im -0.007650585175752146 - 0.0023487533562707025im 0.0040177386347841765 - 0.00683820977583547im -0.0037061729955643555 - 0.005923135754308341im -0.00018936454498318396 + 0.005533774006824271im -0.0012857348982275823 + 0.007050478185850472im -0.004918264419288336 - 0.0054267387099820015im 0.006326350755886921 - 0.008568666420998561im 0.004275329317632051 - 0.01096638510448584im -0.0025453835935560715 - 0.003420748198920983im 0.004087928076603621 - 0.0018313990883050048im -3.898165244615598e-5 + 0.003277637664636834im 0.03893829976876133 + 0.0im 0.0017322414360994751 - 0.0009974727004122392im -0.003183192356313836 + 0.0005130869073020228im -0.006531649757035284 + 0.0008889630380005363im -0.0046500207154471715 - 0.004433712040993852im -0.002114951889555084 - 0.0004903198782018503im 0.006095685907024799 - 0.006392694448994388im -0.0005741061118927154 - 0.0005304929598910584im 0.006450776314085813 + 0.004749541656296312im 0.0038089835910557184 - 0.0019734547144160458im -0.0028539573494655635 - 0.01655386028283633im -0.0033655819152158795 + 0.0029754410143527266im 0.006901095584565885 - 0.00677037255039129im -0.0039997810839206204 + 0.01016941694184088im; 0.004129377875113947 + 0.0031680223420535803im -9.286109268981878e-5 + 0.0049655847358360304im 0.006127511761995248 + 0.00958916604794414im 0.00011999415882724021 - 0.005265864551483471im 0.0013979875537685614 - 4.464576730827964e-5im 0.0033657193526568188 - 0.0028491550516701438im 6.306422675951201e-5 - 0.004508458520518136im 0.0036429918535633575 - 0.009573420158416395im 0.004124880168714495 - 0.000451328389100465im 0.006299618136696969 - 0.006408337670754478im -0.00393078522683366 - 0.0018788432333037377im 0.011243076587789029 + 0.00923247671666493im -0.0014658087637593378 + 0.0007148020135261163im 0.0017322414360994751 + 0.0009974727004122392im 0.033067256954963396 + 0.0im -0.004574494085767816 - 0.0011561378401206744im 0.005157406649750534 + 0.00035578249025447896im -0.0019624807219029397 + 0.0031762644340305795im 0.0011943838227862858 + 0.0014601760492072063im 0.002592188486804069 + 0.005394267963476832im -0.0039393038484570615 + 0.0005404132833379065im 0.0019464883292371882 - 0.001112838280170163im -0.0012127739516320146 + 0.007306314266760804im -0.004684429540781131 + 0.0027691782026117015im -0.007299053919596866 + 0.0009405489107930134im 0.005824628934640684 - 0.0063145516998681815im 0.003965654926358527 - 0.005131703606416059im; 0.003948451798588186 - 0.004196290017912707im -0.002157939760439901 - 0.0014047582299295468im -0.004793352720066853 - 0.003034545209704581im -0.005968037983302293 + 0.002725411383635862im 0.005257710051172436 - 0.003775838604909184im 0.001124202957100834 - 0.0019315184493197404im -0.00018317750304947862 - 0.0009243278602220948im -0.004020571656854264 - 0.0021344685523294895im -0.0056605017095681 + 0.006584050914714115im 0.0046714006113167915 - 0.0010083789505434312im 0.0016990086473834582 - 0.0016342969579065854im -0.0012967047439598818 - 0.0014834968647155313im -0.00396003937679053 + 0.004658554442680124im -0.003183192356313836 - 0.0005130869073020228im -0.004574494085767816 + 0.0011561378401206744im 0.037739704253569234 + 0.0im -0.0036858235867011408 + 0.005683651375465249im 0.0037291362504276236 + 0.008162626705108807im -0.007433263867184228 + 0.0015710921927044848im -0.008995697443696752 + 0.00588002714098705im 0.0055880585457022975 - 0.0026704250626248234im -0.005981799446570851 - 0.0031247443625361045im -0.002006696948240169 - 0.0046977040186864895im 0.001346999587590382 - 0.016290126953536453im -0.0007883558412064401 + 0.0012387387220749524im -0.00267045936911811 - 0.005222441247729925im 0.0006439436460890411 + 0.009562747985696458im; 0.0026968275866637212 + 0.004318465366908955im -0.0020590861697814245 + 0.0019332989819642404im 0.0033462511098886908 + 0.01082481434384055im -0.0007166677945988507 - 0.0016525516505305994im -0.002786941141221237 + 0.0016312951749041951im 0.0027436801778597947 + 0.003822964918566993im 0.001041828992692986 - 0.00814425517203839im 0.0026960597218757543 + 0.0012184431586889182im 0.0015337612732924434 + 0.00191516874252796im 0.005262520251768952 - 0.003000356419451417im -0.003596913613784091 - 0.0029487485929535814im -0.002237655814801454 + 0.001396668506483619im 0.004034124371074486 + 0.0016737541397855828im -0.006531649757035284 - 0.0008889630380005363im 0.005157406649750534 - 0.00035578249025447896im -0.0036858235867011408 - 0.005683651375465249im 0.03471442570519677 + 0.0im 4.38259993276773e-5 - 0.001163672751136396im -0.007172061399587562 + 0.006320405701708614im -0.0030958725479852444 - 0.004361718605161494im -0.0014478869322054918 + 0.003453364516608273im -0.011239027075275985 - 0.006444963108672707im 0.0036512471897995275 + 0.0006121686357623134im -0.0017987184768856425 + 0.014127459915459105im 0.0023812462560166914 + 0.010661529554010923im -0.008898010025903054 - 0.0016000643600689848im 0.006727753427495581 - 0.005844541119715569im; -0.0006825715935462884 - 0.010080697551131765im 0.00289338836778328 + 0.0037484163847443354im -0.005120584919600558 - 0.002029511154694426im -0.003048386630945852 + 0.00410192160670293im -0.0033721821890641173 - 0.0025239094119923955im 0.001501156144413676 - 0.008624385644808854im -0.0024118636246658024 + 0.00013752012543038862im -0.0032300015166802053 + 0.004266666513593041im -0.0014175670779855009 + 0.004287429262741503im -0.007905562477534255 - 0.0015292162531914467im -0.001240118075926177 - 0.007380517914169365im -0.00011661478823194963 - 0.0012106841424997258im -0.005186814251409799 + 0.004510829557766848im -0.0046500207154471715 + 0.004433712040993852im -0.0019624807219029397 - 0.0031762644340305795im 0.0037291362504276236 - 0.008162626705108807im 4.38259993276773e-5 + 0.001163672751136396im 0.028152455754698796 + 0.0im 0.002495740050516919 - 0.0011361077387231151im -0.0015068334727608172 + 0.0021524897807009436im -0.003904756624963858 + 0.00020479314580851445im 0.0017254779406872334 + 0.002673710363024026im -0.002751512375347728 + 0.0013519727685468088im -0.0008446988160068695 - 0.0005348999186788552im -0.0006792939658895525 - 0.004072871643373382im 0.0031216397861510495 + 0.004524599910332915im -0.005709639943577905 - 0.002518925121586746im; -0.0045619657009686315 + 0.0028621848039451546im -0.004107726632306522 + 0.005239740168272581im -0.0023513540726019895 - 0.0007527633128658528im 0.0013792602974451512 - 0.002828356843426793im 0.002393580978209907 + 0.0051000402662636155im 0.00028372233268151524 + 5.528988691586463e-5im -0.006347668664555016 + 0.006426484213123508im 0.0077830897980749195 + 0.004491216743595372im 0.0027815736606895216 + 0.002570677763494326im -0.003306015395055842 - 0.0016929054782644352im 0.000987486093420353 + 0.0034666152552227576im 0.006354001250069329 - 0.0018186629141699387im -0.003989885622461034 - 0.0013948038165695494im -0.002114951889555084 + 0.0004903198782018503im 0.0011943838227862858 - 0.0014601760492072063im -0.007433263867184228 - 0.0015710921927044848im -0.007172061399587562 - 0.006320405701708614im 0.002495740050516919 + 0.0011361077387231151im 0.0341613889816171 + 0.0im 0.007379678037871866 - 0.004634119188671im -0.005475652023180378 + 0.0011741790446704154im 0.009020715626695465 + 0.0032077564870333294im 0.0075653112844583335 - 0.006201888555172604im -0.0031342133986254307 + 0.004435594735403845im 0.005039433069115295 - 0.005458909772690395im -0.006853290764005867 + 0.0020157850504657886im 0.0025896439824504573 - 0.012302544366806436im; -0.007505710314307306 - 0.0010205748759863774im 0.0011877403306700103 - 0.0046983606981987665im 0.005358889799650945 - 0.01104525775521478im -0.00788733980780057 + 0.004698743972029084im -0.0060651525388679935 + 0.0007364201240372787im -0.002709195555682486 + 0.004300314103534881im -0.005866332014043971 + 0.0026960274513826788im -0.006451223583035287 + 0.0001308998291376248im -0.003071713567865768 + 0.008681658114344478im 0.007305828170566204 - 0.012772616004460322im 0.004396957781234141 + 0.009956245959767194im 0.013944777835660048 - 0.009158123961790063im 0.0002696934870644479 + 0.011063401323385976im 0.006095685907024799 + 0.006392694448994388im 0.002592188486804069 - 0.005394267963476832im -0.008995697443696752 - 0.00588002714098705im -0.0030958725479852444 + 0.004361718605161494im -0.0015068334727608172 - 0.0021524897807009436im 0.007379678037871866 + 0.004634119188671im 0.05582721014562603 + 0.0im -0.008741877698360755 - 0.01516575583930809im -0.0031708276416627782 + 0.010447317538547817im 0.0049920572940583266 + 0.010971809084525646im -0.004866960631831007 - 0.005933182183675076im 0.0010428849776391788 + 0.0048348354901855im -0.0008992420720870657 + 0.0008282518752924563im 0.006132014651037616 - 0.004509462369199216im; 0.00223020676722269 + 0.001216951866213281im 0.00031583590232491936 - 0.004211372943205935im 0.005110406568157761 - 0.004534651870992249im 0.0020610670449721412 - 0.00547300723394453im -0.0022998025184619644 - 0.00822123389866661im 0.005192907620655395 + 0.006620550468925591im -0.0019493525131291406 - 0.0014568744457522777im -0.0012373940626839097 - 0.009300176597607169im -0.003897733741319701 + 0.0018177919481159256im 0.004552671173208417 + 0.011441757181636404im -0.004712441014267974 - 0.010960477137756693im -8.416747886576579e-5 + 0.00010145972370367386im -0.00040384353530392795 - 0.007639237453891304im -0.0005741061118927154 + 0.0005304929598910584im -0.0039393038484570615 - 0.0005404132833379065im 0.0055880585457022975 + 0.0026704250626248234im -0.0014478869322054918 - 0.003453364516608273im -0.003904756624963858 - 0.00020479314580851445im -0.005475652023180378 - 0.0011741790446704154im -0.008741877698360755 + 0.01516575583930809im 0.034628683751571326 + 0.0im -0.008537144482556075 - 0.0011945890474314728im 0.0014313577251884879 - 0.0024489002733247417im 0.009774630594432258 - 0.009317787663045552im 0.0008012513942620407 + 0.0003137049502526081im 0.0015961875950848052 - 0.010321235141487382im -0.0021439458854594297 + 0.0030446213398514998im; -0.0017212415900122204 + 0.004568313875432424im 0.0031544417262763954 + 0.00491369003098923im -0.00850131515521895 + 0.0006030731100941551im 0.006048137314695332 - 0.00337770594933137im 0.0027773287692125404 + 0.001414757038989251im -0.001158113422151935 + 5.025705738789496e-5im 0.0028664590732594285 + 0.002727141902340328im -0.0028845315610937436 - 9.028494244728706e-5im 0.009435098728250865 - 0.0014830422954385362im -0.002970021200550536 + 0.008759180552610721im 0.006568165768212317 - 0.004469425836819848im -0.0019177904857621054 - 0.0007359927436573271im -0.0016204384557275849 + 0.0013616737331683454im 0.006450776314085813 - 0.004749541656296312im 0.0019464883292371882 + 0.001112838280170163im -0.005981799446570851 + 0.0031247443625361045im -0.011239027075275985 + 0.006444963108672707im 0.0017254779406872334 - 0.002673710363024026im 0.009020715626695465 - 0.0032077564870333294im -0.0031708276416627782 - 0.010447317538547817im -0.008537144482556075 + 0.0011945890474314728im 0.03321295578802624 + 0.0im 0.00276026113215677 + 0.003130398006045907im -0.0018862534599607688 - 0.001626272258112347im -0.002145266165826548 - 0.00988462755763147im 0.0035275079560670524 - 0.001997108108717116im 0.001294493276443764 + 0.004132093626766751im; -0.0020763938363733145 + 0.005470739430330645im 4.117916065103588e-5 - 0.0007968727413874415im 1.5712133772162043e-5 + 0.0027415373581992355im 0.004197166746588059 + 0.0015401832218021392im 0.002374360450673744 + 0.008159400400602474im -0.004136908354053313 + 0.0007724756233011175im 0.0005809049640632672 + 0.0011543250259664001im -0.00968092198830358 + 0.005840044369883048im 0.003044757589546095 - 0.007965961166635243im 0.00024255990686160487 + 0.0005543658992165351im -0.007263006321984886 - 0.0032690310670805455im 0.004825598278421708 - 0.001508942964535073im 0.0004631923740815204 - 0.005621404582603709im 0.0038089835910557184 + 0.0019734547144160458im -0.0012127739516320146 - 0.007306314266760804im -0.002006696948240169 + 0.0046977040186864895im 0.0036512471897995275 - 0.0006121686357623134im -0.002751512375347728 - 0.0013519727685468088im 0.0075653112844583335 + 0.006201888555172604im 0.0049920572940583266 - 0.010971809084525646im 0.0014313577251884879 + 0.0024489002733247417im 0.00276026113215677 - 0.003130398006045907im 0.031031146464042966 + 0.0im -0.002716738911483512 - 0.0033846574297971914im 0.006791381746939609 - 0.0003775740652664906im 0.0016637629345781964 - 0.010519358870570766im -0.005142238654603911 - 0.0024166238724286494im; 0.004934971413355128 - 0.004698612095830158im -0.0028878672951053873 + 0.005328088550086657im 0.012269944637816915 - 0.010132190319196321im 0.0056805269394311 - 0.007345631920799044im 0.008217174726322187 - 0.0038866530031614567im 0.007498772953398464 - 0.001309641455300137im -0.01008287329947371 - 0.0023975249407032326im 0.0002836992872126851 - 0.008142747968287456im -0.0008134944656430448 + 0.001982924539406596im 0.0086944172534128 + 0.005912623188230253im 0.009592114872509125 - 0.0030033871614831326im 0.001653390473929596 - 0.001679797486320809im 0.005635663381859696 - 0.0037853975611052888im -0.0028539573494655635 + 0.01655386028283633im -0.004684429540781131 - 0.0027691782026117015im 0.001346999587590382 + 0.016290126953536453im -0.0017987184768856425 - 0.014127459915459105im -0.0008446988160068695 + 0.0005348999186788552im -0.0031342133986254307 - 0.004435594735403845im -0.004866960631831007 + 0.005933182183675076im 0.009774630594432258 + 0.009317787663045552im -0.0018862534599607688 + 0.001626272258112347im -0.002716738911483512 + 0.0033846574297971914im 0.05248922271421914 + 0.0im 0.006331334400779183 - 0.0066957751486402895im 0.007163184805541762 + 0.012375555169895958im -0.013128881669417166 + 0.002368518822297086im; -0.0006700561497525343 + 0.00752114763406497im -0.004311322109117511 + 0.0033181020716067065im -0.0016667512726584305 + 0.0017605601056322692im -0.00033011815566883493 + 0.009677007315346148im 0.001194330578642514 + 0.007044312564528812im 0.004884279976835308 + 1.8640857352983298e-6im -0.008542456226674404 + 0.002629167714501226im -0.005289242428174599 + 0.0025454947839550148im -0.0011140764952809752 - 0.013074158065597691im -0.006120315743870475 - 0.00564442102625492im 0.016457604715860837 + 0.006851077194155149im -0.0008709959649030175 - 0.0023340781456101865im 0.00551850989507484 - 0.004405831540208815im -0.0033655819152158795 - 0.0029754410143527266im -0.007299053919596866 - 0.0009405489107930134im -0.0007883558412064401 - 0.0012387387220749524im 0.0023812462560166914 - 0.010661529554010923im -0.0006792939658895525 + 0.004072871643373382im 0.005039433069115295 + 0.005458909772690395im 0.0010428849776391788 - 0.0048348354901855im 0.0008012513942620407 - 0.0003137049502526081im -0.002145266165826548 + 0.00988462755763147im 0.006791381746939609 + 0.0003775740652664906im 0.006331334400779183 + 0.0066957751486402895im 0.03410941270860417 + 0.0im -0.008765673001607 + 0.00844466817172964im -0.001644323829131001 - 0.0029482380150022834im; 0.0002305878445864653 + 0.0007898018246879192im -0.0007530637599683478 + 0.0016444432801905478im 0.00041006280516890425 + 0.0001294461278580742im 0.0014695510103085114 + 0.0002017373975045438im 0.00465314747507028 - 0.0055126341273130375im 0.0008144135314101378 + 0.0012911689119203063im -0.001523196352157915 + 0.0007623454261867048im 0.0053072420316707825 - 0.007467717598791555im 0.0042739744039891284 + 0.004150268188822495im -0.0028772062215969623 - 0.00028488417963248093im 0.002974470928226992 - 0.01183047900025597im -0.009020636933376054 + 0.0009402378705884884im 0.003609537581761895 - 0.0008648200321098327im 0.006901095584565885 + 0.00677037255039129im 0.005824628934640684 + 0.0063145516998681815im -0.00267045936911811 + 0.005222441247729925im -0.008898010025903054 + 0.0016000643600689848im 0.0031216397861510495 - 0.004524599910332915im -0.006853290764005867 - 0.0020157850504657886im -0.0008992420720870657 - 0.0008282518752924563im 0.0015961875950848052 + 0.010321235141487382im 0.0035275079560670524 + 0.001997108108717116im 0.0016637629345781964 + 0.010519358870570766im 0.007163184805541762 - 0.012375555169895958im -0.008765673001607 - 0.00844466817172964im 0.03956978762506139 + 0.0im -0.009068431857879854 - 0.000384402933794335im; 0.0021282274993819667 - 0.004568581723835171im -0.006379258160560368 - 0.0022327656605695867im -0.0003294590385922048 + 0.0021604147102891823im -0.005462793806921004 - 0.006804596892619149im -0.0013510957266854497 - 0.007330583509084327im -0.003841532303504748 - 0.002605737430075434im 0.005903869837217827 - 0.005066552228347456im 0.0014344072413530425 + 0.0042437474132022875im -0.005765801710074823 + 0.005233148342698988im 0.005119268920770083 + 8.070813001775057e-5im 0.0021576463702545593 - 0.0015627504509719862im 0.0015211407658505232 - 0.0003451728422842306im 0.0021133601087879633 + 0.0030546805959856312im -0.0039997810839206204 - 0.01016941694184088im 0.003965654926358527 + 0.005131703606416059im 0.0006439436460890411 - 0.009562747985696458im 0.006727753427495581 + 0.005844541119715569im -0.005709639943577905 + 0.002518925121586746im 0.0025896439824504573 + 0.012302544366806436im 0.006132014651037616 + 0.004509462369199216im -0.0021439458854594297 - 0.0030446213398514998im 0.001294493276443764 - 0.004132093626766751im -0.005142238654603911 + 0.0024166238724286494im -0.013128881669417166 - 0.002368518822297086im -0.001644323829131001 + 0.0029482380150022834im -0.009068431857879854 + 0.000384402933794335im 0.03509370191063409 + 0.0im]
#=
rho_qubit = ComplexF64[
    0.3385258817095005+0.0im        -0.1361371072543963-0.016586550154029173im   0.07917772001371133+0.01607130704852865im   0.13435305349203377+0.06645010471191085im;
   -0.1361371072543963+0.016586550154029173im  0.1080236948994859+0.0im         -0.029668706924658107+0.004008370800088104im -0.03600055518995778-0.03184054754860247im;
    0.07917772001371133-0.01607130704852865im  -0.029668706924658107-0.004008370800088104im  0.388799596013189+0.0im          0.1378319058884279+0.13740564441953115im;
    0.13435305349203377-0.06645010471191085im  -0.03600055518995778+0.03184054754860247im    0.1378319058884279-0.13740564441953115im  0.1646508273778247+0.0im]

# 2 Qubits → 2 Qutrits
# Qubit Basis: |00⟩,|01⟩,|10⟩,|11⟩ (4×4)
# Qutrit Basis: |00⟩,|01⟩,|02⟩,|10⟩,|11⟩,|12⟩,|20⟩,|21⟩,|22⟩ (9×9)
#
# Mapping:
#   Qubit |00⟩ = Index 1 → Qutrit |00⟩ = Index 1
#   Qubit |01⟩ = Index 2 → Qutrit |01⟩ = Index 2
#   Qubit |10⟩ = Index 3 → Qutrit |10⟩ = Index 4
#   Qubit |11⟩ = Index 4 → Qutrit |11⟩ = Index 5

RhoTrue = zeros(ComplexF64, 9, 9)

# Qubit Index → Qutrit Index Mapping
# Qubit |ij⟩ mit i,j ∈ {0,1} → Qutrit |ij⟩ mit i,j ∈ {0,1,2}
# Qutrit Index = i*3 + j + 1  (1-basiert)
# Qubit  Index = i*2 + j + 1  (1-basiert)

qubit_to_qutrit_idx = Dict(
    1 => 1,   # |00⟩ → |00⟩
    2 => 2,   # |01⟩ → |01⟩
    3 => 4,   # |10⟩ → |10⟩
    4 => 5    # |11⟩ → |11⟩
)

for i in 1:4, j in 1:4
    qi = qubit_to_qutrit_idx[i]
    qj = qubit_to_qutrit_idx[j]
    RhoTrue[qi, qj] = rho_qubit[i, j]
end
=#
# ── Rekonstruktionen ───────────────────────────────────────────
println("── Lineare Inversion ──")
RhoRecreatedLI = RecreatingDensityMatrixWithLineareInversionQutrit(
    RhoTrue, nMeasurements)

println("\n── MLE ──")
RhoRecreatedMLE = RecreatingDensityMatrixWithMLEQutrit(
    RhoTrue, nMeasurements)

println("\n── SEEQST NonEntangling ──")
RhoRecreatedNonEnt = RecreatingDensityMatrixWithNonentanglingQutrit(
    RhoTrue, nMeasurements)

println("\n── SEEQST Hybrid ──")
RhoRecreatedHybrid = RecreatingDensityMatrixWithSeeqstQutrit(
    RhoTrue, nMeasurements)

# ── Structs ────────────────────────────────────────────────────
StructLI     = ReconstructedDensityMatrix(Matrix{ComplexF64}(RhoRecreatedLI),     RhoTrue)
StructMLE    = ReconstructedDensityMatrix(Matrix{ComplexF64}(RhoRecreatedMLE),    RhoTrue)
StructNonEnt = ReconstructedDensityMatrix(Matrix{ComplexF64}(RhoRecreatedNonEnt), RhoTrue)
StructHybrid = ReconstructedDensityMatrix(Matrix{ComplexF64}(RhoRecreatedHybrid), RhoTrue)

# ── Ergebnisse ─────────────────────────────────────────────────
println("\n" * "━"^50)
println("Ergebnisse N=$N Qutrits, shots=$nMeasurements")
println("━"^50)
println(@sprintf("%-25s  %-10s  %-10s", "Methode", "Fidelität", "Purity"))
println("─"^50)
println(@sprintf("%-25s  %-10.4f  %-10.4f", "Lineare Inversion",   StructLI.fidelity,     StructLI.purity))
println(@sprintf("%-25s  %-10.4f  %-10.4f", "MLE",                  StructMLE.fidelity,    StructMLE.purity))
println(@sprintf("%-25s  %-10.4f  %-10.4f", "SEEQST NonEntangling", StructNonEnt.fidelity, StructNonEnt.purity))
println(@sprintf("%-25s  %-10.4f  %-10.4f", "SEEQST Hybrid",        StructHybrid.fidelity, StructHybrid.purity))
println("━"^50)


#=
# ── Wahre Dichtematrix ─────────────────────────────────────────
N = 3
